1 1 2 4 3 6 4 9 5 3 6 10 7 8 8 2 9 5 10 7 
1 1 2 6 3 4 4 7 5 10 6 3 7 9 8 2 9 5 10 8 
1 1 2 7 3 2 4 6 5 8 6 10 7 4 8 9 9 3 10 5 
1 1 2 8 3 2 4 7 5 9 6 3 7 5 8 10 9 4 10 6 
1 1 2 10 3 5 4 7 5 9 6 3 7 8 8 2 9 4 10 6 
1 2 2 9 3 1 4 8 5 5 6 3 7 10 8 7 9 4 10 6 
1 1 2 6 3 4 4 7 5 10 6 3 7 9 8 2 9 5 10 8 
1 1 2 3 3 6 4 8 5 10 6 5 7 9 8 2 9 4 10 7 
1 1 2 6 3 8 4 3 5 7 6 9 7 2 8 5 9 10 10 4 
1 2 2 5 3 7 4 4 5 10 6 3 7 9 8 6 9 8 10 1 
1 1 2 3 3 9 4 7 5 10 6 4 7 2 8 5 9 8 10 6 
1 1 2 3 3 6 4 9 5 7 6 10 7 4 8 2 9 5 10 8 
1 1 2 4 3 7 4 10 5 2 6 9 7 5 8 3 9 8 10 6 
1 1 2 4 3 7 4 10 5 2 6 9 7 5 8 3 9 8 10 6 
1 2 2 4 3 8 4 10 5 5 6 9 7 6 8 1 9 3 10 7 
1 1 2 4 3 7 4 10 5 8 6 2 7 5 8 3 9 6 10 9 
1 1 2 3 3 6 4 8 5 10 6 5 7 9 8 2 9 4 10 7 
1 1 2 4 3 7 4 10 5 8 6 3 7 5 8 9 9 2 10 6 
1 1 2 3 3 6 4 8 5 10 6 5 7 9 8 2 9 4 10 7 
1 2 2 4 3 8 4 3 5 9 6 6 7 10 8 1 9 7 10 5 
1 1 2 3 3 6 4 9 5 7 6 10 7 4 8 2 9 5 10 8 
1 1 2 3 3 9 4 7 5 10 6 4 7 2 8 5 9 8 10 6 
1 1 2 3 3 6 4 9 5 7 6 10 7 4 8 2 9 5 10 8 
1 1 2 4 3 9 4 7 5 10 6 3 7 6 8 2 9 5 10 8 
1 2 2 5 3 8 4 6 5 3 6 10 7 7 8 1 9 4 10 9 
1 1 2 6 3 4 4 9 5 7 6 3 7 10 8 2 9 5 10 8 
1 2 2 4 3 8 4 3 5 9 6 6 7 10 8 1 9 7 10 5 
1 1 2 4 3 7 4 10 5 2 6 9 7 5 8 3 9 8 10 6 
1 1 2 4 3 7 4 10 5 8 6 3 7 5 8 9 9 2 10 6 
1 1 2 3 3 6 4 8 5 10 6 5 7 9 8 2 9 4 10 7 
1 1 2 3 3 6 4 9 5 7 6 10 7 4 8 2 9 5 10 8 
1 2 2 5 3 7 4 4 5 10 6 3 7 9 8 6 9 8 10 1 
1 1 2 5 3 8 4 10 5 7 6 4 7 2 8 9 9 6 10 3 
1 1 2 3 3 6 4 9 5 7 6 10 7 4 8 2 9 8 10 5 
1 1 2 3 3 9 4 7 5 10 6 4 7 2 8 5 9 8 10 6 
1 1 2 3 3 6 4 8 5 10 6 5 7 9 8 2 9 4 10 7 
1 1 2 3 3 6 4 9 5 7 6 10 7 4 8 2 9 5 10 8 
1 1 2 4 3 7 4 10 5 8 6 2 7 5 8 3 9 6 10 9 
1 2 2 5 3 7 4 9 5 4 6 8 7 1 8 3 9 6 10 10 
